0 346 125 258 463 440 
346 0 280 228 148 146 
125 280 0 134 369 405 
258 228 134 0 265 373 
463 148 369 265 0 233 
440 146 405 373 233 0 
